11  17
 182 116   5  64  32  42   9  60  94  57  21 173   2  46   3  44  59
 124  84  34  95  62 100  69 176 126  67 146 139 112  12 127 166 147
  30  86 159 144 145  88 123 104 149 128  26 157 134 143  68 151 142
  78 136 158  54 140 154  81 171  36 185  10  53 153  87 178  98  90
  27  16  33 107  91 141  48  85  15  55 125  65 163  23 135  38 115
  97 132 111 122 184  49  31 169 155  13  40  56  39 186 161  74 105
 118 117  66 102 120 160 130 174 131 152 150 114  47 170  45  29  17
  70  99 106 172 113 175  92  73  93 168   7 137  75  19  35 103 187
 101  58 181  89 177 133  82  11 164  51  50  79   8 167  20   1   6
  22  72 110 121  18  28 109 129  96  41 108 162  76 156  24  80  83
  63 148 165   4  61 119  71  37  25  14 180 179  77 183  43 138  52
10