20  20
  89 381 342 173  14 388 197 214  36 351 307 304 275  87 209 125 331 391  10  28
 300  16 112  44  33 233 113 249 375 263 185 132  76 181  64  51 227 192 292 178
 355 322 177 324 143  41 205 202 259  48  63 191 296  17 317 271  67 140 279  46
 270 166  13 218  83  47 264   7 278 199 281 124 282  42 318 213 145 361 228 184
 226   5 120 290 133 262 287 396 103 111 325 305 126 115 168 360 158 379 377 170
 301  66 272  57 138 366  55 332  39 284 251 222 389 349 245  34 219 386   8 220
 150 109 210 373 267 161   9 293 229  84 303 344  62 254 314 394 242 260 280  70
 368  81 155  22 291  85 174 319  11 239  68 142 385  43  24 130  97 253  99 372
 243 122 104 364 189 286  27 393 100  61  26 354  75 208 206 110 171 146 234  96
 248 252 316 235 117 346 238 356  40 308 183 362 384 250  82 400 343 321  71 144
 190  92 157  54 134  18 241 306 370 196 337 141 320  15 390 256  65  56   6 357
  72  58 295 247  21 246 382 397 398 365 221 162 119 273 294  73 383  86 328 330
  37 165  59  32 336 310  80 288 266 151 289 123   2  60 268 193 399 309  29  94
 327  49 129 179 255 347 108 139 299  45 180 367 156 211 186 153 277 149 207 244
 315 198 334 159  20 374 371 326 201  88 323 380 224 387 127 182  69 225 333 114
 203 363 353 172 359 340 136 154 369 352 285 236 276 169  93  30 376 195  90  53
  25  98   4 200 237 223 231 269 329 358 230 338 131 232 339  78 175 107 298 378
 265 101 160 163  12  31 176 341 152 297 102  95 137 395 188 187 261 128 106 311
 350 335 348 283 121 204 212 274 257 148 258 147  50 167  74 216 215 105 313  19
  52 240 345 135  38  35 302 116   3 217  77  79 312 164  91 118 194  23   1 392
269