15  15
  53  34 117 150  57  15 188 111  60 223 204 196 225   7  61
 127 148 128 116 172 178  94 152 174 164 121  36  66 144  50
  87  68  83 191 184  26 221 139 107  71  86  48 130 203 187
 176  95 126  58 115  29  92  76  44 213  88 162  14 177 132
  19 151 207 157 222   6 198 179 105  65  59 171   9  39 149
 193 131  52  17 217  98 158 160 129 100  63 212 120  23  32
  99  82 145 125  77 210  28 119   2 173 118  55  37 189 103
 161 206  62 136 142  78 154 194 124  49  25  47  91 165 214
 166  43  54 218 134 122  69 141  74   8  79 202  73  41 109
 146 216 133 147  10 114  21 156 163 183 201 135 170  80   5
  56 186 106  40  85  84 104 169  30 195 185 200 197  11   3
 123 155 112  46 140 199 137 209   1  16 215  20  93  27  33
  81  38  51  96 182 192  72  13 208  42 180  45 138  75  89
 205 113 219 153  18   4  90  35 224 168 211 181 108  67  22
  97 175  31 220 159 101 190  64  70 102  24  12 143 167 110
204