12  12
  28   2  35 116 123 125 102  73 141  46 142  60
  76 128  69  15  23 109  51 138  20  29 103  39
  21 106  74  27 130  72 113  87  40  77 110 140
 108  81  95  41 105  66  45  58 139 101  17   7
  43  63  65  33  83 127  82 104  16 126  62 136
 144 119  55 129 143  37  56  78  24 114  36  84
 134 107  18  54  11 135 117  59   9  19 120  57
 121  34  96  75   6   1  90 131  48  80  42  67
   8  14   4  88   3  71  94 118  98  52  32  50
  22  53  70  31  99 111  91 112 124  10 100 132
  13 133  30  97  38  49  26 115   5 122  86  92
  93  64  25  47  61  89 137  44  79  85  12  68
26