28, 66, 40, 40, 81, 46, 50, 22, 84, 41, 80, 2, 95, 57, 34, 31, 146, 54, 7, 63, 162, 17, 121, 112, 50, 113, 46, 150, 29, 61, 114
12, 114, 154, 171, 51, 30, 148, 84, 16, 193, 136, 17, 25, 11, 81, 142, 117, 153, 17, 141, 93, 125, 85, 120, 146, 38, 59, 90
7, 103, 43, 134, 133, 106, 122, 145, 85, 132, 77, 35, 101, 9, 53, 84, 91, 45, 13, 66, 54, 26, 3, 45, 55, 93, 111, 4, 123, 114, 89
65, 130, 50, 65, 13, 105, 17, 58, 133, 91, 77, 13, 104, 34, 52, 110, 34, 84, 85, 34, 26, 14, 121, 29, 73, 42, 101, 110, 10, 63
29, 223, 33, 13, 6, 53, 78, 239, 44, 53, 85, 65, 146, 73, 94, 84, 122, 33, 80, 36, 30, 142, 90, 116, 163, 8, 2, 84, 97, 210, 108
49, 66, 13, 4, 55, 123, 26, 21, 58, 234, 35, 123, 7, 6, 99, 154, 76, 10, 38, 31, 159, 65, 34, 138, 116, 6, 44, 77, 68, 154
12, 95, 65, 157, 132, 29, 59, 51, 78, 49, 76, 136, 126, 96, 30, 78, 165, 83, 79, 83, 158, 120, 122, 106, 56, 32, 106, 6, 56, 142, 73
58, 6, 27, 92, 168, 46, 14, 102, 81, 21, 3, 65, 122, 40, 72, 35, 89, 107, 30, 64, 47, 18, 14, 34, 139, 1, 9, 138, 62, 40, 128
53, 5, 211, 207, 93, 189, 169, 60, 105, 224, 75, 150, 190, 117, 63, 1, 197, 130, 122, 29, 178, 146, 10, 91, 65, 158, 152, 133, 125, 29
38, 88, 48, 71, 125, 50, 134, 114, 29, 78, 107, 81, 13, 114, 60, 17, 62, 42, 63, 37, 10, 131, 43, 2, 62, 75, 83, 58, 80, 6, 51
225, 226, 171, 9, 87, 88, 107, 64, 13, 193, 61, 50, 41, 97, 20, 210, 30, 57, 24, 4, 116, 27, 51, 62, 55, 144, 143, 2, 40, 42
52, 176, 81, 97, 51, 18, 15, 164, 33, 95, 87, 190, 92, 114, 48, 39, 162, 41, 101, 96, 75, 62, 84, 103, 44, 64, 31, 107, 130, 60, 183
