99, 111, 55, 168, 77, 123, 15, 166, 30, 44, 16, 86, 18, 123, 108, 64, 187, 23, 87, 171, 138, 4, 9, 89, 60, 116, 118, 161, 136, 77, 109
5, 224, 97, 225, 77, 56, 102, 96, 104, 103, 155, 125, 53, 49, 39, 191, 17, 61, 16, 123, 67, 158, 90, 94, 52, 78, 104, 145
27, 67, 98, 59, 21, 85, 122, 50, 127, 95, 37, 107, 6, 114, 94, 84, 157, 25, 163, 31, 75, 32, 51, 137, 69, 110, 48, 62, 48, 104, 58
102, 100, 80, 22, 125, 37, 76, 45, 139, 128, 97, 66, 14, 118, 36, 89, 124, 146, 105, 32, 94, 132, 109, 39, 18, 93, 42, 25, 31, 58
105, 93, 120, 63, 73, 181, 164, 91, 114, 182, 36, 41, 128, 101, 24, 187, 10, 252, 81, 83, 4, 116, 103, 83, 116, 52, 11, 162, 151, 3, 85
69, 103, 161, 111, 135, 52, 15, 101, 74, 109, 91, 14, 137, 112, 70, 13, 143, 135, 132, 110, 105, 88, 47, 105, 114, 2, 51, 23, 110, 95
125, 6, 116, 54, 40, 86, 119, 105, 48, 4, 54, 16, 15, 73, 96, 40, 50, 36, 13, 97, 90, 136, 155, 20, 64, 36, 28, 163, 38, 10, 45
104, 63, 156, 121, 85, 56, 65, 135, 50, 31, 30, 94, 131, 23, 103, 88, 110, 98, 126, 110, 39, 12, 152, 112, 18, 38, 77, 3, 65, 130, 66
9, 180, 217, 242, 70, 194, 84, 3, 25, 94, 146, 264, 189, 27, 46, 120, 213, 133, 146, 87, 81, 47, 171, 20, 82, 44, 135, 95, 143, 12
93, 58, 152, 21, 30, 134, 121, 128, 68, 122, 126, 15, 35, 119, 4, 156, 53, 23, 172, 12, 51, 149, 94, 1, 99, 69, 129, 97, 58, 103, 108
58, 32, 50, 49, 28, 111, 73, 137, 99, 46, 20, 135, 37, 50, 83, 169, 145, 198, 189, 27, 190, 95, 54, 105, 14, 91, 118, 26, 71, 36
6, 24, 106, 10, 20, 32, 183, 42, 68, 113, 46, 168, 85, 152, 77, 45, 4, 59, 92, 37, 102, 98, 87, 143, 54, 195, 104, 115, 101, 198, 12
