59, 134, 116, 29, 178, 13, 57, 9, 200, 126, 157, 93, 154, 171, 207, 51, 21, 144, 18, 125, 0, 45, 51, 36, 85, 21, 85, 52, 77, 129, 106
203, 104, 52, 2, 13, 75, 137, 94, 141, 4, 9, 53, 134, 117, 14, 81, 50, 217, 44, 13, 65, 79, 61, 60, 155, 8, 125, 2
98, 103, 110, 91, 0, 13, 81, 41, 98, 9, 5, 66, 129, 34, 52, 94, 101, 65, 38, 136, 71, 88, 41, 158, 4, 88, 139, 97, 98, 46, 77
70, 145, 51, 43, 124, 45, 95, 38, 37, 38, 124, 71, 25, 66, 61, 88, 161, 39, 27, 1, 43, 57, 0, 93, 119, 30, 47, 83, 9, 85
41, 180, 162, 120, 148, 29, 216, 148, 52, 25, 56, 73, 78, 28, 10, 36, 35, 118, 129, 144, 58, 220, 124, 28, 61, 27, 171, 37, 31, 8, 54
71, 18, 17, 150, 106, 88, 115, 147, 41, 51, 36, 68, 83, 36, 74, 62, 102, 215, 109, 21, 156, 6, 120, 2, 38, 60, 184, 13, 126, 24
31, 37, 56, 73, 64, 156, 59, 24, 149, 138, 162, 76, 75, 58, 66, 27, 50, 52, 9, 22, 73, 53, 31, 164, 31, 72, 199, 90, 97, 2, 35
123, 0, 3, 63, 181, 95, 69, 164, 128, 32, 111, 158, 44, 80, 150, 61, 80, 51, 165, 38, 54, 6, 115, 17, 11, 182, 131, 18, 87, 78, 15
159, 86, 65, 27, 40, 116, 10, 61, 44, 25, 179, 95, 222, 194, 7, 125, 70, 219, 109, 80, 44, 35, 101, 98, 153, 67, 110, 164, 163, 33
44, 121, 70, 13, 141, 135, 12, 81, 49, 59, 24, 54, 119, 15, 105, 13, 78, 93, 16, 13, 65, 160, 78, 31, 59, 108, 54, 135, 34, 43, 55
38, 37, 89, 146, 125, 62, 11, 109, 72, 90, 89, 67, 8, 35, 127, 99, 27, 154, 102, 47, 200, 141, 8, 54, 34, 138, 126, 98, 196, 86
51, 128, 59, 59, 90, 23, 95, 94, 241, 102, 88, 172, 91, 115, 126, 45, 38, 19, 95, 86, 115, 149, 115, 20, 248, 151, 139, 94, 31, 3, 45
