55, 143, 13, 60, 60, 158, 99, 225, 101, 140, 69, 27, 56, 62, 61, 3, 144, 102, 40, 96, 46, 69, 84, 122, 37, 25, 105, 144, 179, 22, 120
44, 30, 88, 91, 10, 113, 65, 217, 32, 131, 66, 184, 78, 155, 255, 157, 44, 75, 96, 193, 102, 180, 43, 16, 89, 52, 91, 173
49, 93, 56, 102, 135, 80, 107, 52, 31, 15, 7, 12, 91, 19, 96, 161, 121, 17, 68, 70, 93, 3, 139, 31, 128, 80, 71, 89, 95, 39, 61
87, 94, 77, 135, 30, 24, 52, 45, 90, 130, 61, 86, 57, 84, 122, 54, 45, 22, 40, 99, 121, 117, 22, 12, 126, 120, 64, 112, 11, 113
49, 27, 9, 24, 77, 155, 159, 96, 65, 54, 104, 211, 79, 145, 192, 120, 72, 121, 196, 77, 53, 51, 45, 90, 65, 36, 162, 60, 120, 183, 74
62, 32, 34, 108, 30, 7, 68, 11, 29, 101, 90, 6, 113, 57, 46, 110, 162, 65, 28, 70, 52, 198, 3, 229, 19, 152, 23, 1, 53, 106
38, 12, 52, 56, 60, 77, 84, 49, 65, 166, 68, 121, 38, 10, 109, 101, 97, 157, 56, 59, 14, 140, 183, 116, 144, 94, 173, 69, 66, 166, 36
25, 57, 115, 122, 24, 113, 70, 110, 156, 1, 118, 80, 48, 31, 96, 179, 140, 66, 47, 118, 33, 32, 112, 16, 39, 69, 106, 31, 187, 22, 4
139, 51, 24, 255, 160, 139, 178, 56, 113, 222, 99, 132, 178, 33, 196, 80, 0, 97, 209, 145, 4, 92, 113, 38, 152, 82, 83, 12, 60, 81
31, 117, 127, 113, 95, 8, 12, 76, 92, 72, 23, 25, 144, 99, 79, 110, 126, 14, 59, 92, 68, 33, 161, 138, 16, 124, 23, 34, 25, 88, 87
39, 22, 13, 190, 170, 167, 20, 128, 8, 62, 130, 8, 162, 134, 112, 18, 131, 104, 63, 96, 178, 35, 204, 69, 83, 100, 62, 190, 90, 21
148, 4, 51, 40, 90, 121, 18, 52, 165, 52, 52, 91, 66, 135, 178, 41, 155, 66, 48, 104, 48, 55, 136, 74, 19, 60, 94, 58, 111, 180, 135
