18, 97, 105, 134, 65, 81, 18, 180, 113, 88, 76, 104, 150, 146, 8, 3, 141, 71, 119, 101, 178, 105, 64, 92, 108, 100, 26, 15, 37, 82, 3
66, 26, 126, 102, 65, 52, 16, 209, 60, 58, 37, 29, 158, 96, 97, 216, 104, 23, 51, 192, 170, 65, 0, 21, 142, 136, 102, 12
10, 64, 44, 95, 9, 76, 52, 75, 42, 103, 156, 74, 96, 144, 18, 55, 5, 46, 8, 59, 87, 66, 13, 98, 80, 23, 69, 106, 73, 116, 58
38, 36, 53, 140, 86, 86, 44, 70, 7, 62, 42, 141, 9, 110, 37, 40, 34, 52, 23, 50, 27, 61, 48, 31, 128, 145, 150, 39, 57, 13
117, 61, 49, 56, 122, 105, 96, 18, 82, 85, 94, 178, 41, 105, 169, 2, 71, 59, 1, 116, 86, 9, 159, 125, 12, 117, 37, 37, 95, 71, 58
144, 127, 227, 133, 95, 42, 188, 163, 41, 202, 24, 119, 17, 115, 81, 82, 29, 133, 14, 25, 151, 94, 110, 83, 188, 163, 116, 15, 77, 6
23, 98, 140, 88, 112, 48, 85, 167, 101, 22, 76, 17, 79, 62, 37, 72, 42, 27, 99, 109, 65, 39, 12, 105, 26, 87, 99, 5, 98, 74, 21
97, 57, 155, 86, 28, 98, 119, 70, 15, 11, 133, 123, 47, 98, 78, 29, 80, 132, 142, 34, 74, 113, 40, 45, 60, 6, 88, 67, 124, 63, 121
78, 236, 91, 20, 72, 29, 70, 207, 135, 92, 10, 66, 13, 73, 134, 184, 144, 30, 47, 18, 125, 30, 161, 6, 50, 96, 80, 107, 100, 244
69, 12, 67, 1, 97, 114, 60, 37, 15, 77, 169, 51, 101, 152, 65, 23, 52, 14, 17, 57, 60, 109, 93, 91, 144, 116, 104, 110, 92, 137, 74
209, 102, 188, 28, 55, 23, 174, 92, 27, 210, 105, 166, 117, 123, 108, 80, 2, 89, 117, 28, 213, 1, 83, 67, 83, 57, 157, 199, 10, 104
159, 103, 80, 84, 136, 97, 142, 184, 181, 85, 190, 76, 53, 207, 204, 16, 176, 76, 22, 82, 107, 133, 2, 63, 72, 36, 46, 74, 42, 222, 37
