160, 58, 32, 87, 52, 65, 25, 121, 35, 88, 6, 147, 103, 196, 78, 43, 180, 107, 84, 122, 126, 236, 103, 188, 70, 89, 82, 96, 118, 84, 164
235, 119, 160, 89, 149, 21, 16, 15, 137, 127, 141, 71, 110, 12, 120, 72, 17, 109, 124, 157, 108, 75, 12, 125, 144, 110, 159, 84
67, 13, 79, 60, 19, 73, 146, 124, 51, 88, 36, 103, 51, 149, 61, 21, 21, 13, 30, 51, 6, 49, 97, 89, 12, 95, 50, 130, 129, 2, 77
151, 105, 114, 32, 123, 18, 12, 157, 10, 45, 20, 68, 62, 134, 97, 98, 45, 95, 106, 50, 56, 50, 58, 89, 60, 70, 125, 2, 40, 54
4, 106, 32, 89, 11, 28, 14, 93, 2, 0, 125, 69, 15, 98, 94, 166, 96, 63, 45, 43, 7, 65, 112, 192, 3, 120, 155, 126, 238, 18, 71
174, 48, 64, 36, 56, 138, 81, 82, 32, 117, 131, 19, 177, 33, 79, 54, 139, 86, 53, 172, 97, 71, 113, 77, 199, 3, 183, 160, 27, 164
130, 168, 50, 111, 112, 55, 14, 113, 94, 59, 126, 53, 12, 84, 50, 7, 20, 127, 32, 45, 37, 16, 64, 50, 42, 94, 27, 86, 92, 66, 117
94, 59, 114, 6, 62, 125, 21, 12, 0, 87, 125, 43, 132, 13, 31, 59, 19, 107, 26, 70, 64, 85, 103, 113, 67, 191, 130, 85, 151, 6, 3
99, 73, 8, 100, 39, 217, 161, 160, 40, 240, 85, 162, 197, 106, 96, 17, 99, 134, 102, 168, 184, 147, 116, 6, 216, 6, 63, 168, 91, 125
109, 131, 133, 0, 18, 25, 30, 108, 107, 93, 149, 99, 9, 16, 79, 46, 152, 36, 2, 10, 72, 25, 85, 17, 93, 87, 28, 96, 53, 79, 148
45, 13, 174, 64, 51, 139, 16, 166, 6, 5, 91, 215, 49, 95, 16, 44, 123, 90, 119, 12, 71, 36, 32, 52, 23, 183, 77, 56, 143, 74
156, 138, 24, 51, 0, 59, 61, 26, 95, 91, 259, 203, 68, 104, 121, 28, 15, 113, 94, 126, 37, 75, 92, 175, 78, 29, 86, 73, 0, 78, 34
