36, 1, 125, 181, 189, 2, 169, 130, 124, 126, 41, 66, 220, 34, 87, 157, 52, 99, 65, 24, 203, 98, 96, 98, 167, 159, 157, 115, 88, 11, 64
127, 9, 133, 96, 62, 59, 0, 138, 136, 186, 94, 100, 84, 137, 10, 18, 30, 9, 103, 42, 106, 102, 85, 220, 38, 87, 65, 60
76, 31, 36, 57, 16, 11, 105, 56, 3, 70, 88, 1, 6, 106, 35, 114, 1, 8, 23, 28, 105, 49, 109, 86, 126, 49, 13, 0, 104, 170, 150
125, 52, 107, 139, 11, 6, 109, 123, 119, 53, 52, 26, 94, 35, 18, 77, 51, 42, 93, 5, 62, 67, 31, 138, 117, 1, 135, 93, 21, 104
74, 48, 137, 62, 141, 56, 238, 35, 89, 25, 56, 1, 123, 168, 209, 79, 29, 148, 79, 24, 7, 48, 29, 21, 77, 74, 94, 142, 127, 130, 153
87, 86, 52, 20, 100, 85, 98, 184, 179, 2, 207, 139, 78, 52, 83, 83, 136, 75, 35, 106, 29, 61, 107, 38, 81, 194, 26, 69, 76, 0
3, 39, 74, 121, 0, 9, 107, 168, 73, 86, 61, 111, 33, 41, 36, 119, 74, 113, 191, 199, 61, 23, 88, 80, 68, 22, 130, 159, 74, 79, 51
96, 54, 103, 31, 59, 46, 129, 71, 93, 138, 92, 63, 60, 140, 39, 175, 146, 63, 1, 71, 85, 4, 16, 109, 94, 27, 105, 73, 121, 113, 34
83, 201, 166, 185, 46, 61, 51, 35, 42, 246, 51, 34, 27, 46, 12, 28, 112, 131, 101, 112, 148, 54, 9, 0, 98, 66, 126, 20, 148, 152
33, 161, 176, 97, 20, 3, 169, 7, 44, 43, 50, 80, 91, 32, 64, 93, 80, 52, 11, 129, 100, 43, 100, 124, 125, 131, 3, 145, 99, 12, 27
167, 11, 6, 25, 72, 171, 24, 60, 85, 65, 167, 78, 27, 102, 127, 138, 78, 68, 63, 30, 95, 34, 26, 98, 20, 96, 91, 122, 107, 40
59, 178, 48, 12, 39, 71, 220, 191, 111, 69, 78, 74, 196, 22, 43, 1, 139, 4, 84, 58, 106, 123, 16, 69, 33, 101, 99, 250, 89, 122, 100
